┌                                                                                                     ┐
│ Row             1             2             3            4             5            6             7 │
│   1      0.994151      0.233044  -1.83523e-15     -0.10324   1.89893e-16     -0.13089  -9.34212e-16 │
│   2     0.0263806     -0.836317   8.63107e-15     0.536519  -1.14095e-15     0.868856   6.12787e-15 │
│   3   3.55837e-17   2.60526e-16  -2.29017e-16  4.54562e-15           1.0  3.89176e-16   1.28082e-16 │
│   4  -5.75869e-16  -9.48115e-16     -0.607285  4.64145e-15  -4.08394e-16  5.01396e-15     -0.983697 │
│   5    0.00429157     -0.127587  -7.53503e-15    -0.772519   1.50341e-15     0.746053   5.40437e-15 │
│   6   -0.00587547     -0.158019     -0.445974    -0.281927   4.50857e-16    -0.790412      0.831908 │
│   7   -0.00587547     -0.158019      0.445974    -0.281927   1.19933e-15    -0.790412     -0.831908 │
└                                                                                                     ┘
