┌                                                                                                       ┐
│ Row             1             2             3             4             5             6             7 │
│   1      0.994151      0.233044   8.63096e-16      -0.10324  -1.03788e-15      -0.13089   6.20458e-16 │
│   2     0.0263806     -0.836317  -4.19629e-15      0.536519   5.40202e-15      0.868856  -3.45078e-15 │
│   3  -4.38174e-17  -6.97524e-19   3.29151e-15  -9.07439e-15           1.0  -2.59815e-16  -2.17426e-16 │
│   4  -4.59351e-16   -1.4282e-16      0.607285   5.12048e-15   -1.2718e-15  -1.46137e-15      0.983697 │
│   5    0.00429157     -0.127587   6.14377e-15     -0.772519   -7.0206e-15      0.746053  -2.01895e-15 │
│   6   -0.00587547     -0.158019      0.445974     -0.281927  -3.67356e-15     -0.790412     -0.831908 │
│   7   -0.00587547     -0.158019     -0.445974     -0.281927  -2.08509e-15     -0.790412      0.831908 │
└                                                                                                       ┘
┌                                                                                                       ┐
│ Row             1             2             3             4             5             6             7 │
│   1      0.994151      0.233044   8.63096e-16      -0.10324  -1.03788e-15      -0.13089   6.20458e-16 │
│   2     0.0263806     -0.836317  -4.19629e-15      0.536519   5.40202e-15      0.868856  -3.45078e-15 │
│   3  -4.38174e-17  -6.97524e-19   3.29151e-15  -9.07439e-15           1.0  -2.59815e-16  -2.17426e-16 │
│   4  -4.59351e-16   -1.4282e-16      0.607285   5.12048e-15   -1.2718e-15  -1.46137e-15      0.983697 │
│   5    0.00429157     -0.127587   6.14377e-15     -0.772519   -7.0206e-15      0.746053  -2.01895e-15 │
│   6   -0.00587547     -0.158019      0.445974     -0.281927  -3.67356e-15     -0.790412     -0.831908 │
│   7   -0.00587547     -0.158019     -0.445974     -0.281927  -2.08509e-15     -0.790412      0.831908 │
└                                                                                                       ┘
┌                                                                                                      ┐
│ Row             1            2             3             4             5             6             7 │
│   1      0.994138    -0.246687   -1.3614e-14     0.0637814   2.07045e-15       0.13116  -4.87338e-16 │
│   2     0.0263063     0.915206   7.13979e-14     -0.338608  -9.61006e-15     -0.888783   3.48113e-15 │
│   3  -2.34957e-18  3.91464e-15  -4.82839e-16  -1.76878e-14           1.0   5.89247e-16  -2.14735e-16 │
│   4  -4.82844e-16  2.65547e-16     -0.729244  -1.53571e-13   -6.2408e-16  -3.01061e-15     -0.897028 │
│   5    0.00298457    0.0724646  -1.80229e-13      0.869112   1.61368e-14     -0.639579   4.14754e-15 │
│   6   -0.00559553     0.102024     -0.334797      0.194114   3.12992e-15      0.825298      0.882539 │
│   7   -0.00559553     0.102024      0.334797      0.194114   2.75328e-15      0.825298     -0.882539 │
└                                                                                                      ┘
