┌                                                                                                      ┐
│ Row             1            2             3             4             5             6             7 │
│   1      0.994151     0.233044   8.44663e-16      -0.10324   3.00801e-15       0.13089   6.16264e-16 │
│   2     0.0263806    -0.836317  -5.18298e-15      0.536519  -1.58269e-14     -0.868856  -4.88927e-15 │
│   3   3.39853e-17  9.79631e-17   1.09469e-15   2.85584e-14           1.0  -2.66387e-16   2.59271e-16 │
│   4  -5.84637e-16  -1.0072e-15     -0.607285  -7.34365e-15   4.65189e-16   7.38188e-15     -0.983697 │
│   5    0.00429157    -0.127587   8.05373e-15     -0.772519   2.18785e-14     -0.746053  -3.94893e-15 │
│   6   -0.00587547    -0.158019     -0.445974     -0.281927   8.90315e-15      0.790412      0.831908 │
│   7   -0.00587547    -0.158019      0.445974     -0.281927   8.37691e-15      0.790412     -0.831908 │
└                                                                                                      ┘
