┌                                                                                                      ┐
│ Row            1             2             3             4             5             6             7 │
│   1    -0.994151      0.233044   9.32197e-16       0.10324   1.63866e-15       0.13089   2.69123e-17 │
│   2   -0.0263806     -0.836317  -4.04483e-15     -0.536519  -8.42992e-15     -0.868856  -7.90376e-17 │
│   3   4.6306e-17    2.3585e-16  -4.43683e-16   1.77592e-14          -1.0   1.17902e-16  -6.61748e-17 │
│   4   4.6083e-16  -4.41106e-16      0.607285  -5.53881e-15  -5.29294e-17  -2.10021e-15      0.983697 │
│   5  -0.00429157     -0.127587   5.57922e-15      0.772519   1.19941e-14     -0.746053  -1.15061e-15 │
│   6   0.00587547     -0.158019      0.445974      0.281927   4.08143e-15      0.790412     -0.831908 │
│   7   0.00587547     -0.158019     -0.445974      0.281927   4.49285e-15      0.790412      0.831908 │
└                                                                                                      ┘
┌                                                                                                      ┐
│ Row            1             2             3             4             5             6             7 │
│   1    -0.994151      0.233044   9.32197e-16       0.10324   1.63866e-15       0.13089   2.69123e-17 │
│   2   -0.0263806     -0.836317  -4.04483e-15     -0.536519  -8.42992e-15     -0.868856  -7.90376e-17 │
│   3   4.6306e-17    2.3585e-16  -4.43683e-16   1.77592e-14          -1.0   1.17902e-16  -6.61748e-17 │
│   4   4.6083e-16  -4.41106e-16      0.607285  -5.53881e-15  -5.29294e-17  -2.10021e-15      0.983697 │
│   5  -0.00429157     -0.127587   5.57922e-15      0.772519   1.19941e-14     -0.746053  -1.15061e-15 │
│   6   0.00587547     -0.158019      0.445974      0.281927   4.08143e-15      0.790412     -0.831908 │
│   7   0.00587547     -0.158019     -0.445974      0.281927   4.49285e-15      0.790412      0.831908 │
└                                                                                                      ┘
┌                                                                                                       ┐
│ Row             1             2             3             4             5             6             7 │
│   1       0.99452     -0.234631    8.0221e-16  -3.86207e-15       0.12244     -0.106403   2.90352e-15 │
│   2     0.0247312      0.862248  -3.36661e-15   1.91213e-14     -0.641059      0.766711   -2.0399e-14 │
│   3  -1.60823e-17  -2.16548e-16   2.11398e-15          -1.0  -3.81035e-14  -6.60165e-15   6.33253e-17 │
│   4  -4.75152e-16   1.18435e-15      0.704799   3.63639e-16  -1.40332e-15   1.16836e-14       0.91636 │
│   5    0.00320375      0.196374  -9.40808e-16  -3.17555e-14      0.695412      0.804678  -1.97793e-14 │
│   6   -0.00542034      0.124895      0.358466  -8.38707e-15      0.349061     -0.769264     -0.873193 │
│   7   -0.00542034      0.124895     -0.358466  -8.18991e-15      0.349061     -0.769264      0.873193 │
└                                                                                                       ┘
