┌                                                                                                       ┐
│ Row             1             2             3             4             5             6             7 │
│   1       -1.0016     -0.229385  -2.68817e-17    -0.0937952   5.14943e-14    -0.0762382   5.09858e-17 │
│   2    0.00780366       1.03975   -2.7696e-16      0.398957  -2.19016e-13      0.708929  -2.24894e-16 │
│   3  -3.77766e-17   -8.3204e-16   9.86151e-15   6.21922e-13           1.0   -7.5669e-17  -2.09316e-17 │
│   4   7.03973e-16  -2.15632e-15      -1.04903  -7.51479e-15   1.73248e-14  -9.00979e-17     -0.485798 │
│   5   0.000374305      0.453681    1.8171e-15     -0.923039   5.08132e-13      0.334438  -9.35736e-17 │
│   6   -0.00212592     -0.109596     0.0866516     0.0204625  -1.27626e-14     -0.846643      0.939923 │
│   7   -0.00212592     -0.109596    -0.0866516     0.0204625  -9.95595e-15     -0.846643     -0.939923 │
└                                                                                                       ┘
┌                                                                                                    ┐
│ Row            1             2             3            4             5            6             7 │
│   1    -0.993263     -0.247963  -1.73492e-15   -0.0810419   6.91574e-14    -0.125745  -7.93324e-16 │
│   2   -0.0298165      0.925394   7.24106e-15     0.341254  -2.91879e-13     0.877033   4.39404e-15 │
│   3  1.01035e-16  -3.30687e-15  -2.02049e-14  8.60177e-13           1.0   2.5454e-15   3.12538e-16 │
│   4  5.63741e-16   5.52471e-16     -0.929375  1.83745e-14  -1.86843e-14  2.59025e-15     -0.687546 │
│   5  -0.00384912      0.245387  -1.76253e-14    -0.931492   7.99902e-13     0.491701   2.15909e-15 │
│   6   0.00585238     0.0628044     -0.104856   -0.0544689   4.69501e-14    -0.849878      0.938067 │
│   7   0.00585238     0.0628044      0.104856   -0.0544689   5.10174e-14    -0.849878     -0.938067 │
└                                                                                                    ┘
┌                                                                                                      ┐
│ Row             1             2             3             4             5            6             7 │
│   1     -0.993559      0.246686   5.93343e-17     0.0776824   1.57576e-15    -0.128014   4.97471e-16 │
│   2    -0.0285999     -0.919734  -8.12285e-17     -0.333267  -6.86345e-15     0.886052  -2.20807e-15 │
│   3  -4.04082e-17  -3.59265e-16   1.74466e-15  -1.79594e-14           1.0  5.98958e-16   3.82137e-18 │
│   4   5.94381e-16  -6.08528e-16      0.922806   1.59407e-15  -7.28025e-16  4.88791e-16      0.696337 │
│   5   -0.00405674     -0.226086  -2.48333e-15      0.931924    1.9252e-14     0.500063  -6.02418e-16 │
│   6    0.00569898    -0.0721187      0.113757     0.0604959   1.32545e-15    -0.848731     -0.937029 │
│   7    0.00569898    -0.0721187     -0.113757     0.0604959   1.42816e-15    -0.848731      0.937029 │
└                                                                                                      ┘
┌                                                                                                      ┐
│ Row             1             2             3             4             5            6             7 │
│   1     -0.993579      0.246675  -1.41447e-17    -0.0772908   2.94435e-15     -0.12812  -5.82358e-16 │
│   2    -0.0285157     -0.919728  -4.85048e-17      0.332062  -1.26977e-14     0.886514   2.59155e-15 │
│   3  -3.99177e-17  -5.17018e-16  -5.01174e-15   -3.8737e-14          -1.0  1.12363e-16   1.64674e-16 │
│   4   5.96547e-16  -4.29138e-16      -0.92266  -1.73949e-15   2.25573e-15  1.50417e-15      -0.69653 │
│   5   -0.00406821     -0.224314   1.56597e-15     -0.932141   3.61748e-14     0.500457   1.14253e-15 │
│   6    0.00568211    -0.0725333     -0.113953     -0.060845   2.78927e-15    -0.848671      0.937005 │
│   7    0.00568211    -0.0725333      0.113953     -0.060845    2.1641e-15    -0.848671     -0.937005 │
└                                                                                                      ┘
┌                                                                                                    ┐
│ Row             1            2             3            4             5            6             7 │
│   1      -0.99358    -0.246673  -2.68148e-16   -0.0772792   3.82907e-17    -0.128126   -5.7351e-16 │
│   2    -0.0285124     0.919712   9.64476e-16     0.332032  -1.96594e-16     0.886542   2.76182e-15 │
│   3  -3.71726e-17  1.83143e-16  -9.36948e-15  5.09613e-16          -1.0  2.90218e-17  -1.12844e-17 │
│   4    5.8771e-16  7.07971e-16     -0.922665  1.55592e-15   7.13392e-15  1.33551e-15     -0.696524 │
│   5   -0.00406892     0.224249  -9.22849e-16    -0.932143  -7.14261e-16     0.500481   1.42342e-15 │
│   6    0.00568137    0.0725614     -0.113946   -0.0608635   1.15981e-15    -0.848667      0.937006 │
│   7    0.00568137    0.0725614      0.113946   -0.0608635  -8.71295e-16    -0.848667     -0.937006 │
└                                                                                                    ┘
┌                                                                                                     ┐
│ Row             1            2             3             4             5            6             7 │
│   1      0.993474    -0.218474  -3.39036e-16      0.129576  -2.01771e-16     0.137565   1.15646e-15 │
│   2     0.0293011     0.748277   1.31183e-15     -0.626453   1.02242e-15     -0.88863  -6.57699e-15 │
│   3   3.59909e-17  1.07792e-16  -1.87767e-15   9.69935e-17           1.0  2.72401e-16  -7.83012e-16 │
│   4  -5.87791e-16  8.27123e-16     -0.594268  -1.89784e-16  -4.11083e-16  1.50142e-15      0.991615 │
│   5    0.00445289     0.191176   7.14079e-16      0.752676  -9.39927e-16    -0.752721  -4.48028e-15 │
│   6   -0.00651288      0.20955     -0.456899      0.264082  -1.92541e-15     0.784567     -0.825959 │
│   7   -0.00651288      0.20955      0.456899      0.264082   8.57355e-16     0.784567      0.825959 │
└                                                                                                     ┘
┌                                                                                                       ┐
│ Row             1             2             3             4             5             6             7 │
│   1      0.994174      0.233153   4.72718e-16       0.10124  -1.37231e-15       0.13208  -1.32705e-15 │
│   2     0.0262978     -0.836722  -1.44965e-15     -0.527866   7.21253e-15     -0.873754   8.96915e-15 │
│   3   3.37061e-17  -6.69229e-17   1.14323e-15  -1.27864e-14          -1.0  -2.83114e-18  -3.45309e-16 │
│   4  -5.96292e-16   -5.5706e-16      0.610054   6.87122e-16   3.56439e-16  -3.37104e-16      0.981983 │
│   5    0.00438787       -0.1211  -4.50829e-16      0.776632  -1.03485e-14     -0.742856   7.19687e-15 │
│   6   -0.00588859     -0.158777      0.443629      0.279171  -3.12568e-15      0.791237     -0.833161 │
│   7   -0.00588859     -0.158777     -0.443629      0.279171  -4.69132e-15      0.791237      0.833161 │
└                                                                                                       ┘
┌                                                                                                    ┐
│ Row             1            2             3            4             5            6             7 │
│   1      0.994145    -0.232759   9.65327e-17     0.103454  -4.51601e-16     0.131277  -1.52682e-15 │
│   2     0.0264096     0.834535   4.55302e-16    -0.536804   2.34238e-15    -0.870391   1.02444e-14 │
│   3   3.95364e-17  1.01356e-16   9.12951e-16  4.52609e-15           1.0  1.71542e-16  -1.95015e-16 │
│   4  -5.80764e-16   5.8792e-16      0.607203  1.62598e-15   -1.3702e-18  1.13673e-14      0.983748 │
│   5     0.0043065     0.128051  -1.42486e-15     0.773225  -3.66186e-15    -0.745241   7.57392e-15 │
│   6   -0.00588448     0.159304      0.446043     0.280703  -1.68285e-15     0.790589     -0.831871 │
│   7   -0.00588448     0.159304     -0.446043     0.280703  -8.69255e-16     0.790589      0.831871 │
└                                                                                                    ┘
┌                                                                                                      ┐
│ Row             1             2            3             4             5             6             7 │
│   1       0.99415      0.232991  -4.7057e-16     -0.103218   3.23722e-16     -0.131006  -8.98766e-16 │
│   2     0.0263841     -0.835984  1.41714e-15      0.536235  -1.73783e-15      0.869351   5.77871e-15 │
│   3   3.88845e-17  -1.13072e-16  -1.1194e-15   3.41049e-15           1.0  -4.51255e-17   1.36129e-16 │
│   4  -5.86812e-16  -9.50727e-16    -0.607206  -1.42762e-15  -5.38275e-16   4.70344e-15     -0.983746 │
│   5    0.00429541     -0.127569  9.24032e-16     -0.772891   2.33996e-15      0.745671   4.85639e-15 │
│   6   -0.00587716     -0.158276    -0.446041     -0.281469   2.17238e-16     -0.790524      0.831873 │
│   7   -0.00587716     -0.158276     0.446041     -0.281469   1.70009e-15     -0.790524     -0.831873 │
└                                                                                                      ┘
┌                                                                                                      ┐
│ Row             1             2             3            4             5             6             7 │
│   1      0.994151      0.233026   6.39832e-16    -0.103233  -6.17827e-16      0.130929  -5.54843e-16 │
│   2     0.0263821     -0.836206  -2.36791e-15     0.536407   3.26777e-15     -0.869031   3.73105e-15 │
│   3   3.73886e-17  -9.10562e-17   -8.1883e-16  6.87839e-15          -1.0  -1.33044e-16  -1.88322e-16 │
│   4  -5.85312e-16  -9.35526e-16      0.607219  3.80188e-16  -2.99864e-16   4.36886e-15      0.983738 │
│   5    0.00429241     -0.127607   5.75019e-16     -0.77267  -4.51025e-15     -0.745893   1.90512e-15 │
│   6   -0.00587599       -0.1581       0.44603    -0.281739   -1.9592e-15      0.790463     -0.831878 │
│   7   -0.00587599       -0.1581      -0.44603    -0.281739  -1.59087e-15      0.790463      0.831878 │
└                                                                                                      ┘
┌                                                                                                       ┐
│ Row             1             2             3             4             5             6             7 │
│   1      0.994151      0.233039  -1.48113e-16      0.103235     -1.19e-15      0.130904   3.97105e-16 │
│   2     0.0263811     -0.836283  -4.91275e-17     -0.536464   6.23717e-15     -0.868922  -2.96608e-15 │
│   3   3.56588e-17   1.89267e-17   6.62419e-16  -1.10997e-14          -1.0  -1.56591e-16   5.47228e-17 │
│   4  -5.81273e-16  -8.54504e-16      -0.60725   2.68018e-15  -6.07504e-16   4.08338e-15     -0.983719 │
│   5    0.00429175     -0.127596   3.44908e-15      0.772584  -8.36362e-15     -0.745984  -1.35642e-15 │
│   6   -0.00587562     -0.158043     -0.446003      0.281848  -3.79396e-15      0.790435      0.831893 │
│   7   -0.00587562     -0.158043      0.446003      0.281848  -2.88523e-15      0.790435     -0.831893 │
└                                                                                                       ┘
┌                                                                                                       ┐
│ Row             1             2             3             4             5             6             7 │
│   1      0.994151      0.233042  -1.44068e-16     -0.103237   2.01392e-16     -0.130895   1.42382e-15 │
│   2     0.0263808     -0.836305  -6.70658e-17      0.536495  -1.10707e-15      0.868882   -9.8818e-15 │
│   3    3.9342e-17  -5.21758e-18  -8.33622e-16   4.23119e-15           1.0   1.46916e-16   2.38051e-17 │
│   4  -5.87111e-16    -6.668e-16     -0.607268  -1.60208e-15  -2.38898e-16  -1.91947e-15     -0.983708 │
│   5     0.0042916     -0.127591   9.39793e-16     -0.772547   1.62547e-15      0.746023  -8.18717e-15 │
│   6   -0.00587552     -0.158027     -0.445988     -0.281893   3.75603e-16     -0.790422      0.831901 │
│   7   -0.00587552     -0.158027      0.445988     -0.281893   8.68401e-16     -0.790422     -0.831901 │
└                                                                                                       ┘
┌                                                                                                       ┐
│ Row             1             2             3             4             5             6             7 │
│   1      0.994151      0.233044   5.92927e-16      0.103239  -2.18512e-15      0.130892  -1.04985e-15 │
│   2     0.0263807     -0.836312  -2.04354e-15     -0.536508    1.1509e-14     -0.868867   7.26008e-15 │
│   3   3.32361e-17   1.43793e-16   6.40811e-16  -2.18091e-14          -1.0  -1.53397e-16  -8.91833e-17 │
│   4  -5.79464e-16  -9.18368e-16      0.607278  -1.13804e-15   5.22193e-16   9.78428e-15      0.983702 │
│   5    0.00429157     -0.127589   1.72743e-15      0.772531  -1.59218e-14      -0.74604   5.81259e-15 │
│   6   -0.00587548     -0.158022       0.44598      0.281912  -5.87075e-15      0.790416     -0.831905 │
│   7   -0.00587548     -0.158022      -0.44598      0.281912  -6.74674e-15      0.790416      0.831905 │
└                                                                                                       ┘
┌                                                                                                      ┐
│ Row             1             2             3             4             5            6             7 │
│   1      0.994151      0.233044   7.51316e-16      0.103239   1.07997e-15    -0.130891  -3.40603e-16 │
│   2     0.0263807     -0.836315  -2.61924e-15     -0.536514  -5.67785e-15      0.86886   2.37527e-15 │
│   3   3.78418e-17  -3.95961e-17  -8.77813e-16  -1.06743e-14           1.0  2.40501e-16  -5.44722e-17 │
│   4  -5.89289e-16  -1.14769e-15      0.607282  -1.19706e-15  -3.54925e-16  5.36454e-15        0.9837 │
│   5    0.00429157     -0.127588   9.60569e-16      0.772524   7.49351e-15     0.746048   2.24437e-15 │
│   6   -0.00587547      -0.15802      0.445977       0.28192   3.19757e-15    -0.790414     -0.831907 │
│   7   -0.00587547      -0.15802     -0.445977       0.28192   2.91839e-15    -0.790414      0.831907 │
└                                                                                                      ┘
┌                                                                                                     ┐
│ Row             1             2             3             4             5            6            7 │
│   1      0.994151      0.233044   5.24136e-16      0.103239   9.02376e-16     -0.13089  1.00802e-15 │
│   2     0.0263806     -0.836316  -2.17067e-15     -0.536517  -4.77571e-15     0.868858  -5.9204e-15 │
│   3   3.80911e-17  -7.25793e-17  -3.31391e-15  -8.40875e-15           1.0   1.7525e-16  2.29213e-16 │
│   4  -5.81431e-16  -6.78611e-16      0.607284    1.8209e-16   1.89693e-15  7.78922e-15     0.983698 │
│   5    0.00429157     -0.127587   6.58876e-16      0.772521   6.20237e-15     0.746051  -4.1613e-15 │
│   6   -0.00587547     -0.158019      0.445975      0.281924   4.38004e-15    -0.790413    -0.831908 │
│   7   -0.00587547     -0.158019     -0.445975      0.281924   8.51544e-16    -0.790413     0.831908 │
└                                                                                                     ┘
┌                                                                                                      ┐
│ Row             1             2             3            4             5             6             7 │
│   1      0.994151      0.233044  -8.76314e-16     -0.10324   4.04907e-16      -0.13089  -1.65956e-16 │
│   2     0.0263806     -0.836316   3.76893e-15     0.536518  -2.12421e-15      0.868857   8.40764e-16 │
│   3   3.84241e-17  -2.07289e-17   4.47928e-17  3.79991e-15           1.0   1.66794e-16  -2.16763e-16 │
│   4  -5.85634e-16  -5.18391e-16     -0.607285  3.16571e-17  -2.27266e-16  -8.24304e-15     -0.983698 │
│   5    0.00429157     -0.127587  -3.43581e-15     -0.77252   2.70936e-15      0.746052   1.27772e-15 │
│   6   -0.00587547     -0.158019     -0.445974    -0.281926   1.42364e-15     -0.790412      0.831908 │
│   7   -0.00587547     -0.158019      0.445974    -0.281926   7.70844e-16     -0.790412     -0.831908 │
└                                                                                                      ┘
┌                                                                                                       ┐
│ Row             1             2             3             4             5             6             7 │
│   1      0.994151      0.233044  -1.75021e-15       0.10324    3.5427e-16      -0.13089  -9.49332e-16 │
│   2     0.0263806     -0.836317   7.88731e-15     -0.536519  -1.95679e-15      0.868856    6.1749e-15 │
│   3   3.83011e-17   3.66888e-17  -3.51707e-16  -4.82718e-15           1.0   9.83135e-17   1.23391e-16 │
│   4  -5.69424e-16  -1.05709e-15     -0.607285  -6.22246e-15  -3.35388e-16  -4.12308e-16      0.983698 │
│   5    0.00429157     -0.127587  -7.13556e-15      0.772519   2.91819e-15      0.746053   3.65378e-15 │
│   6   -0.00587547     -0.158019     -0.445974      0.281926   1.10561e-15     -0.790412     -0.831908 │
│   7   -0.00587547     -0.158019      0.445974      0.281926   1.24477e-15     -0.790412      0.831908 │
└                                                                                                       ┘
┌                                                                                                       ┐
│ Row             1             2             3             4             5             6             7 │
│   1      0.994151      0.233044  -1.71635e-16       0.10324  -1.05337e-15       0.13089  -2.16447e-15 │
│   2     0.0263806     -0.836317    2.3358e-15     -0.536519   5.56636e-15     -0.868856   1.39942e-14 │
│   3   3.60273e-17  -1.38163e-16  -1.97304e-16  -9.77826e-15          -1.0  -3.70093e-17   3.32986e-16 │
│   4  -5.81025e-16  -8.95062e-16      0.607285     4.851e-15  -4.58582e-16   1.50721e-14      0.983697 │
│   5    0.00429157     -0.127587  -6.05327e-15      0.772519  -7.51134e-15     -0.746053   1.04254e-14 │
│   6   -0.00587547     -0.158019      0.445974      0.281926  -3.40457e-15      0.790412     -0.831908 │
│   7   -0.00587547     -0.158019     -0.445974      0.281926  -2.72813e-15      0.790412      0.831908 │
└                                                                                                       ┘
┌                                                                                                      ┐
│ Row            1             2             3             4             5             6             7 │
│   1     0.994151      0.233044  -4.80056e-16      -0.10324   8.92207e-17      -0.13089  -1.41043e-15 │
│   2    0.0263806     -0.836317   1.31119e-15      0.536519  -5.12636e-16      0.868856   9.39749e-15 │
│   3  3.90892e-17  -2.07366e-16  -6.84711e-16   1.29011e-16           1.0  -3.12088e-17  -2.66977e-17 │
│   4   -5.731e-16  -9.92162e-16     -0.607285  -1.53615e-15  -6.12762e-16   9.58052e-15     -0.983697 │
│   5   0.00429157     -0.127587   2.32865e-15     -0.772519   1.90447e-16      0.746053    8.1546e-15 │
│   6  -0.00587547     -0.158019     -0.445974     -0.281927  -2.79331e-16     -0.790412      0.831908 │
│   7  -0.00587547     -0.158019      0.445974     -0.281927   9.00018e-16     -0.790412     -0.831908 │
└                                                                                                      ┘
┌                                                                                                      ┐
│ Row             1             2             3             4             5            6             7 │
│   1      0.994151      0.233044  -5.94088e-16      -0.10324  -6.16649e-17     -0.13089  -8.55437e-17 │
│   2     0.0263806     -0.836317   2.16825e-15      0.536519   2.74098e-16     0.868856   4.23403e-16 │
│   3   3.87004e-17  -5.95596e-17    1.2025e-15  -1.44743e-16           1.0  1.20245e-17  -5.91074e-17 │
│   4  -5.84845e-16   -7.7128e-16     -0.607285   6.40906e-16   7.07257e-16  6.22173e-15     -0.983697 │
│   5    0.00429157     -0.127587   9.34933e-16     -0.772519  -7.96766e-16     0.746053   6.30912e-16 │
│   6   -0.00587547     -0.158019     -0.445974     -0.281927   4.37068e-16    -0.790412      0.831908 │
│   7   -0.00587547     -0.158019      0.445974     -0.281927  -6.62915e-16    -0.790412     -0.831908 │
└                                                                                                      ┘
┌                                                                                                     ┐
│ Row             1             2             3             4             5            6            7 │
│   1      0.994151      0.233044   4.70036e-17      -0.10324    8.5405e-16     -0.13089  -1.3421e-15 │
│   2     0.0263806     -0.836317  -8.08758e-16      0.536519  -4.50612e-15     0.868856  8.50471e-15 │
│   3   3.72708e-17  -1.76355e-17  -3.55965e-16   8.50244e-15           1.0  6.33259e-17  1.51693e-16 │
│   4  -5.84365e-16  -6.57719e-16     -0.607285  -2.72735e-15  -3.19352e-16  1.32842e-14    -0.983697 │
│   5    0.00429157     -0.127587   4.82108e-15     -0.772519   6.07683e-15     0.746053  7.40383e-15 │
│   6   -0.00587547     -0.158019     -0.445974     -0.281927   2.35911e-15    -0.790412     0.831908 │
│   7   -0.00587547     -0.158019      0.445974     -0.281927   2.53129e-15    -0.790412    -0.831908 │
└                                                                                                     ┘
┌                                                                                                     ┐
│ Row             1            2             3             4             5             6            7 │
│   1      0.994151    -0.233044   -4.6299e-16      -0.10324   6.26882e-16       0.13089  -5.2289e-16 │
│   2     0.0263806     0.836317    1.8687e-15      0.536519  -3.32485e-15     -0.868856  3.08611e-15 │
│   3   3.81458e-17  1.08193e-16  -3.49448e-16   4.58981e-15           1.0  -2.32617e-17  5.44844e-17 │
│   4  -5.87365e-16  5.84911e-16     -0.607285  -2.65433e-16   9.74136e-17   7.58281e-16    -0.983697 │
│   5    0.00429157     0.127587   1.10106e-15     -0.772519   4.18617e-15     -0.746053   2.5075e-15 │
│   6   -0.00587547     0.158019     -0.445974     -0.281927   1.97286e-15      0.790412     0.831908 │
│   7   -0.00587547     0.158019      0.445974     -0.281927   1.67027e-15      0.790412    -0.831908 │
└                                                                                                     ┘
┌                                                                                                      ┐
│ Row             1             2             3            4             5             6             7 │
│   1      0.994151      0.233044    6.6628e-16      0.10324   -8.2533e-16      -0.13089   5.80799e-16 │
│   2     0.0263806     -0.836317  -3.18396e-15    -0.536519   4.24266e-15      0.868856  -3.27165e-15 │
│   3   4.15604e-17  -1.99976e-16   1.20667e-15  7.07556e-15           1.0  -1.20155e-16   1.30536e-17 │
│   4  -5.83697e-16  -5.94981e-16      0.607285  3.92213e-17  -5.26977e-16   7.04828e-15      0.983697 │
│   5    0.00429157     -0.127587   1.63279e-16     0.772519  -6.52008e-15      0.746053  -2.68989e-15 │
│   6   -0.00587547     -0.158019      0.445974     0.281927  -2.79358e-15     -0.790412     -0.831908 │
│   7   -0.00587547     -0.158019     -0.445974     0.281927   -1.6255e-15     -0.790412      0.831908 │
└                                                                                                      ┘
┌                                                                                                      ┐
│ Row             1             2             3            4             5             6             7 │
│   1      0.994151      0.233044    6.6628e-16      0.10324   -8.2533e-16      -0.13089   5.80799e-16 │
│   2     0.0263806     -0.836317  -3.18396e-15    -0.536519   4.24266e-15      0.868856  -3.27165e-15 │
│   3   4.15604e-17  -1.99976e-16   1.20667e-15  7.07556e-15           1.0  -1.20155e-16   1.30536e-17 │
│   4  -5.83697e-16  -5.94981e-16      0.607285  3.92213e-17  -5.26977e-16   7.04828e-15      0.983697 │
│   5    0.00429157     -0.127587   1.63279e-16     0.772519  -6.52008e-15      0.746053  -2.68989e-15 │
│   6   -0.00587547     -0.158019      0.445974     0.281927  -2.79358e-15     -0.790412     -0.831908 │
│   7   -0.00587547     -0.158019     -0.445974     0.281927   -1.6255e-15     -0.790412      0.831908 │
└                                                                                                      ┘
