┌                                                                                                     ┐
│ Row             1            2             3             4             5             6            7 │
│   1       -20.235     -5.16319  -4.36617e-17   6.29271e-16    -0.0292298      -1.17279     -1.17279 │
│   2      -5.16319     -2.44405   3.42253e-16   3.64292e-16     -0.124335      -1.01074     -1.01074 │
│   3  -4.36617e-17  3.42253e-16     -0.391311  -1.58573e-16   1.43791e-16  -1.14782e-17  9.31405e-17 │
│   4   6.27103e-16    3.747e-16  -1.58573e-16     -0.312604  -1.17484e-15     -0.392272     0.392272 │
│   5    -0.0292298    -0.124335   1.44239e-16   -1.1614e-15     -0.347526     -0.368151    -0.368151 │
│   6      -1.17279     -1.01074  -1.10477e-17     -0.392272     -0.368151     -0.568592    -0.387235 │
│   7      -1.17279     -1.01074   9.35711e-17      0.392272     -0.368151     -0.387235    -0.568592 │
└                                                                                                     ┘
