┌                                                                                                     ┐
│ Row             1            2             3             4             5             6            7 │
│   1       -20.235     -5.16319  -6.62465e-17    7.6111e-16    -0.0292298      -1.17279     -1.17279 │
│   2      -5.16319     -2.44405   6.40173e-17   4.02456e-16     -0.124335      -1.01074     -1.01074 │
│   3  -6.62465e-17  6.40173e-17     -0.391311  -4.70494e-16  -5.27217e-16  -2.92328e-16  1.83625e-16 │
│   4   7.60676e-16  4.12864e-16  -4.70494e-16     -0.312604  -7.17308e-16     -0.392272     0.392272 │
│   5    -0.0292298    -0.124335  -5.26769e-16  -7.16007e-16     -0.347526     -0.368151    -0.368151 │
│   6      -1.17279     -1.01074  -2.91898e-16     -0.392272     -0.368151     -0.568592    -0.387235 │
│   7      -1.17279     -1.01074   1.84055e-16      0.392272     -0.368151     -0.387235    -0.568592 │
└                                                                                                     ┘
┌                                                                                                     ┐
│ Row             1            2             3             4             5             6            7 │
│   1       -20.235     -5.16319  -6.62465e-17    7.6111e-16    -0.0292298      -1.17279     -1.17279 │
│   2      -5.16319     -2.44405   6.40173e-17   4.02456e-16     -0.124335      -1.01074     -1.01074 │
│   3  -6.62465e-17  6.40173e-17     -0.391311  -4.70494e-16  -5.27217e-16  -2.92328e-16  1.83625e-16 │
│   4   7.60676e-16  4.12864e-16  -4.70494e-16     -0.312604  -7.17308e-16     -0.392272     0.392272 │
│   5    -0.0292298    -0.124335  -5.26769e-16  -7.16007e-16     -0.347526     -0.368151    -0.368151 │
│   6      -1.17279     -1.01074  -2.91898e-16     -0.392272     -0.368151     -0.568592    -0.387235 │
│   7      -1.17279     -1.01074   1.84055e-16      0.392272     -0.368151     -0.387235    -0.568592 │
└                                                                                                     ┘
┌                                                                                                       ┐
│ Row             1             2             3             4             5             6             7 │
│   1      -20.9654      -5.34118  -8.38927e-16    6.8424e-16   -0.00648254      -1.21202      -1.21202 │
│   2      -5.34118      -3.09024  -4.05827e-15   8.25728e-16     -0.058675      -1.26789      -1.26789 │
│   3  -8.38927e-16  -4.05827e-15     -0.988135     2.696e-16   2.42327e-15  -8.12633e-16  -7.93421e-16 │
│   4    6.8218e-16   8.25728e-16     2.696e-16     -0.998364  -3.91137e-15      -0.54649       0.54649 │
│   5   -0.00648254     -0.058675   2.42351e-15  -3.92525e-15      -1.08733      -0.46874      -0.46874 │
│   6      -1.21202      -1.26789  -8.12273e-16      -0.54649      -0.46874     -0.971567       -0.5013 │
│   7      -1.21202      -1.26789  -7.93062e-16       0.54649      -0.46874       -0.5013     -0.971567 │
└                                                                                                       ┘
┌                                                                                                     ┐
│ Row             1            2             3             4             5             6            7 │
│   1       -20.235     -5.16319  -6.62465e-17    7.6111e-16    -0.0292298      -1.17279     -1.17279 │
│   2      -5.16319     -2.44405   6.40173e-17   4.02456e-16     -0.124335      -1.01074     -1.01074 │
│   3  -6.62465e-17  6.40173e-17     -0.391311  -4.70494e-16  -5.27217e-16  -2.92328e-16  1.83625e-16 │
│   4   7.60676e-16  4.12864e-16  -4.70494e-16     -0.312604  -7.17308e-16     -0.392272     0.392272 │
│   5    -0.0292298    -0.124335  -5.26769e-16  -7.16007e-16     -0.347526     -0.368151    -0.368151 │
│   6      -1.17279     -1.01074  -2.91898e-16     -0.392272     -0.368151     -0.568592    -0.387235 │
│   7      -1.17279     -1.01074   1.84055e-16      0.392272     -0.368151     -0.387235    -0.568592 │
└                                                                                                     ┘
┌                                                                                                     ┐
│ Row             1            2             3             4             5             6            7 │
│   1       -20.235     -5.16319  -6.62465e-17    7.6111e-16    -0.0292298      -1.17279     -1.17279 │
│   2      -5.16319     -2.44405   6.40173e-17   4.02456e-16     -0.124335      -1.01074     -1.01074 │
│   3  -6.62465e-17  6.40173e-17     -0.391311  -4.70494e-16  -5.27217e-16  -2.92328e-16  1.83625e-16 │
│   4   7.60676e-16  4.12864e-16  -4.70494e-16     -0.312604  -7.17308e-16     -0.392272     0.392272 │
│   5    -0.0292298    -0.124335  -5.26769e-16  -7.16007e-16     -0.347526     -0.368151    -0.368151 │
│   6      -1.17279     -1.01074  -2.91898e-16     -0.392272     -0.368151     -0.568592    -0.387235 │
│   7      -1.17279     -1.01074   1.84055e-16      0.392272     -0.368151     -0.387235    -0.568592 │
└                                                                                                     ┘
