┌                                                                                                   ┐
│ Row            1             2             3             4            5            6            7 │
│   1      -20.235      -5.16319   1.15618e-17   6.56593e-16   -0.0292298     -1.17279     -1.17279 │
│   2     -5.16319      -2.44405  -1.02787e-16  -6.21031e-16    -0.124335     -1.01074     -1.01074 │
│   3  1.15618e-17  -1.02787e-16     -0.391311   1.48204e-16  1.70981e-15  5.61063e-16  3.64871e-16 │
│   4  6.56593e-16  -6.31439e-16   1.48204e-16     -0.312604  8.83408e-16    -0.392272     0.392272 │
│   5   -0.0292298     -0.124335   1.71026e-15   8.82974e-16    -0.347526    -0.368151    -0.368151 │
│   6     -1.17279      -1.01074   5.61493e-16     -0.392272    -0.368151    -0.568592    -0.387235 │
│   7     -1.17279      -1.01074   3.65301e-16      0.392272    -0.368151    -0.387235    -0.568592 │
└                                                                                                   ┘
