┌                                                                                                     ┐
│ Row            1            2             3             4             5             6             7 │
│   1      -20.235     -5.16319   -2.2831e-17    7.8236e-16    -0.0292298      -1.17279      -1.17279 │
│   2     -5.16319     -2.44405   4.31697e-16   4.57967e-16     -0.124335      -1.01074      -1.01074 │
│   3  -2.2831e-17  4.31697e-16     -0.391311   2.16318e-16  -8.72761e-16  -1.02421e-16  -1.69091e-16 │
│   4  7.83228e-16  4.57967e-16   2.16318e-16     -0.312604  -1.41597e-15     -0.392272      0.392272 │
│   5   -0.0292298    -0.124335  -8.72313e-16  -1.40729e-15     -0.347526     -0.368151     -0.368151 │
│   6     -1.17279     -1.01074  -1.01991e-16     -0.392272     -0.368151     -0.568592     -0.387235 │
│   7     -1.17279     -1.01074  -1.68661e-16      0.392272     -0.368151     -0.387235     -0.568592 │
└                                                                                                     ┘
┌                                                                                                     ┐
│ Row            1            2             3             4             5             6             7 │
│   1      -20.235     -5.16319   -2.2831e-17    7.8236e-16    -0.0292298      -1.17279      -1.17279 │
│   2     -5.16319     -2.44405   4.31697e-16   4.57967e-16     -0.124335      -1.01074      -1.01074 │
│   3  -2.2831e-17  4.31697e-16     -0.391311   2.16318e-16  -8.72761e-16  -1.02421e-16  -1.69091e-16 │
│   4  7.83228e-16  4.57967e-16   2.16318e-16     -0.312604  -1.41597e-15     -0.392272      0.392272 │
│   5   -0.0292298    -0.124335  -8.72313e-16  -1.40729e-15     -0.347526     -0.368151     -0.368151 │
│   6     -1.17279     -1.01074  -1.01991e-16     -0.392272     -0.368151     -0.568592     -0.387235 │
│   7     -1.17279     -1.01074  -1.68661e-16      0.392272     -0.368151     -0.387235     -0.568592 │
└                                                                                                     ┘
┌                                                                                                      ┐
│ Row            1             2             3             4             5             6             7 │
│   1     -20.9367      -5.31243   -7.7434e-16   7.42895e-16   -0.00737576      -1.20256      -1.20256 │
│   2     -5.31243      -2.86597   6.24628e-15   -3.1572e-16     -0.329089      -1.23517      -1.23517 │
│   3  -7.7434e-16   6.24628e-15     -0.928756  -2.53326e-17  -2.23756e-14  -3.78099e-15  -3.73272e-15 │
│   4  7.43763e-16  -3.07046e-16  -2.53326e-17     -0.921748   1.37043e-16     -0.538395      0.538395 │
│   5  -0.00737576     -0.329089  -2.23753e-14    1.3314e-16     -0.331351      -0.38706      -0.38706 │
│   6     -1.20256      -1.23517  -3.78074e-15     -0.538395      -0.38706     -0.915602     -0.458215 │
│   7     -1.20256      -1.23517  -3.73246e-15      0.538395      -0.38706     -0.458215     -0.915602 │
└                                                                                                      ┘
┌                                                                                                     ┐
│ Row            1            2             3             4             5             6             7 │
│   1      -20.235     -5.16319   -2.2831e-17    7.8236e-16    -0.0292298      -1.17279      -1.17279 │
│   2     -5.16319     -2.44405   4.31697e-16   4.57967e-16     -0.124335      -1.01074      -1.01074 │
│   3  -2.2831e-17  4.31697e-16     -0.391311   2.16318e-16  -8.72761e-16  -1.02421e-16  -1.69091e-16 │
│   4  7.83228e-16  4.57967e-16   2.16318e-16     -0.312604  -1.41597e-15     -0.392272      0.392272 │
│   5   -0.0292298    -0.124335  -8.72313e-16  -1.40729e-15     -0.347526     -0.368151     -0.368151 │
│   6     -1.17279     -1.01074  -1.01991e-16     -0.392272     -0.368151     -0.568592     -0.387235 │
│   7     -1.17279     -1.01074  -1.68661e-16      0.392272     -0.368151     -0.387235     -0.568592 │
└                                                                                                     ┘
┌                                                                                                     ┐
│ Row            1            2             3             4             5             6             7 │
│   1      -20.235     -5.16319   -2.2831e-17    7.8236e-16    -0.0292298      -1.17279      -1.17279 │
│   2     -5.16319     -2.44405   4.31697e-16   4.57967e-16     -0.124335      -1.01074      -1.01074 │
│   3  -2.2831e-17  4.31697e-16     -0.391311   2.16318e-16  -8.72761e-16  -1.02421e-16  -1.69091e-16 │
│   4  7.83228e-16  4.57967e-16   2.16318e-16     -0.312604  -1.41597e-15     -0.392272      0.392272 │
│   5   -0.0292298    -0.124335  -8.72313e-16  -1.40729e-15     -0.347526     -0.368151     -0.368151 │
│   6     -1.17279     -1.01074  -1.01991e-16     -0.392272     -0.368151     -0.568592     -0.387235 │
│   7     -1.17279     -1.01074  -1.68661e-16      0.392272     -0.368151     -0.387235     -0.568592 │
└                                                                                                     ┘
