┌                                                                                                     ┐
│ Row             1            2             3             4             5             6            7 │
│   1       -20.235     -5.16319  -6.95236e-17   6.88685e-16    -0.0292298      -1.17279     -1.17279 │
│   2      -5.16319     -2.44405   1.15023e-16   2.56739e-16     -0.124335      -1.01074     -1.01074 │
│   3  -6.95236e-17  1.15023e-16     -0.391311  -4.95626e-16  -3.60901e-16  -3.86935e-16  1.59361e-16 │
│   4    6.9042e-16  2.63678e-16  -4.95626e-16     -0.312604  -4.59268e-16     -0.392272     0.392272 │
│   5    -0.0292298    -0.124335  -3.61349e-16   -4.6534e-16     -0.347526     -0.368151    -0.368151 │
│   6      -1.17279     -1.01074  -3.87366e-16     -0.392272     -0.368151     -0.568592    -0.387235 │
│   7      -1.17279     -1.01074    1.5893e-16      0.392272     -0.368151     -0.387235    -0.568592 │
└                                                                                                     ┘
