┌                                                                                                       ┐
│ Row             1             2             3             4             5             6             7 │
│   1        1.0533     -0.224063  -1.83305e-16  -1.58125e-16     0.0542877    -0.0135604    -0.0135604 │
│   2     -0.224063      0.987974   1.08091e-15  -1.97356e-15     -0.307655    -0.0192605    -0.0192605 │
│   3  -1.83305e-16   1.08091e-15           1.0  -2.69315e-16  -2.04125e-15  -7.69916e-16  -2.25714e-16 │
│   4  -1.58125e-16  -1.97356e-15  -2.69315e-16      0.368795    1.1088e-15      0.270833     -0.270833 │
│   5     0.0542877     -0.307655  -2.04125e-15    1.1088e-15      0.613082      0.237929      0.237929 │
│   6    -0.0135604    -0.0192605  -7.69916e-16      0.270833      0.237929       0.30338    -0.0944056 │
│   7    -0.0135604    -0.0192605  -2.25714e-16     -0.270833      0.237929    -0.0944056       0.30338 │
└                                                                                                       ┘
